2016 1 1.500   12473 B      0   64    0  110 0.956 249.0 334.0 -21.0  73.0
2016 1 1.500   12476 A      0    9    0   10 0.874 100.9 200.0 -11.0 -61.0
2016 1 1.500   12477 A      0    9    0   20 0.970  76.8 186.0  12.0 -75.0
2016 1 2.500   12473 B      0    2    0   40 0.999 249.1 337.0 -21.0  89.0
2016 1 2.500   12476 B      0   27    0   20 0.733 100.7 201.0 -10.0 -47.0
2016 1 2.500   12477 A      0   64    0   70 0.887  74.7 187.0  12.0 -61.0
2016 1 2.500   12478 B      0   11    0   10 0.808  78.9 195.0   7.0 -53.0
2016 1 3.500   12476 B      0  132    0   80 0.565 102.9 201.0 -10.0 -34.0
2016 1 3.500   12477 A      0   91    0   70 0.757  71.0 188.0  12.0 -47.0
2016 1 3.500   12478 B      0   30    0   20 0.634  74.7 197.0   7.0 -38.0
2016 1 4.500   12476 B      0  130    0   70 0.357 109.3 202.0 -10.0 -20.0
2016 1 4.500   12477 A      0  112    0   70 0.591  64.3 189.0  12.0 -33.0
2016 1 4.500   12478 B      0   17    0   10 0.440  66.4 198.0   7.0 -24.0
2016 1 4.500   12479 B      0   19    0   10 0.264  18.9 217.0  11.0  -5.0
2016 1 5.500   12476 B      0   59    0   30 0.152 137.5 202.0 -10.0  -6.0
2016 1 5.500   12477 A      0  127    0   70 0.414  50.2 189.0  12.0 -19.0

